2015-02-16,1.22,1.22,1.17,1.17,11264200
2015-02-13,1.18,1.21,1.18,1.20,14125700
2015-02-12,1.18,1.20,1.16,1.17,11082300
2015-02-11,1.23,1.23,1.18,1.19,21085100
2015-02-10,1.24,1.24,1.22,1.23,5554600
2015-02-09,1.24,1.25,1.23,1.23,8542200
2015-02-06,1.29,1.29,1.23,1.25,32259200
2015-02-05,1.28,1.28,1.26,1.27,13329000
2015-02-04,1.35,1.36,1.29,1.29,33584800
2015-02-03,1.28,1.32,1.28,1.32,25406200
2015-02-02,1.28,1.29,1.25,1.26,10193200
2015-01-30,1.30,1.31,1.27,1.27,9756700
2015-01-29,1.31,1.32,1.28,1.29,11107100
2015-01-28,1.32,1.34,1.32,1.33,7933800
2015-01-27,1.30,1.33,1.30,1.32,10775400
2015-01-26,1.25,1.29,1.24,1.29,10618700
2015-01-23,1.28,1.30,1.26,1.26,21347800
2015-01-22,1.20,1.28,1.20,1.27,25156700
2015-01-21,1.16,1.20,1.15,1.20,13135900
2015-01-20,1.17,1.17,1.16,1.16,5101000
2015-01-19,1.18,1.18,1.15,1.16,7057100
2015-01-16,1.15,1.16,1.14,1.15,5504000
2015-01-15,1.17,1.19,1.17,1.18,15138000
2015-01-14,1.18,1.18,1.14,1.14,14403000
2015-01-13,1.22,1.23,1.16,1.17,22049000
2015-01-12,1.21,1.25,1.20,1.24,20342000
2015-01-09,1.16,1.22,1.16,1.21,28691000
2015-01-08,1.13,1.15,1.13,1.14,11334000
2015-01-07,1.12,1.14,1.12,1.12,4863000
2015-01-06,1.12,1.13,1.12,1.13,5031000
2015-01-05,1.14,1.15,1.13,1.14,7615000
2015-01-02,1.12,1.15,1.12,1.14,9421000
2015-01-01,1.12,1.12,1.12,1.12,000
2014-12-31,1.12,1.12,1.11,1.12,3650000
2014-12-30,1.14,1.14,1.12,1.12,12156000
2014-12-29,1.16,1.16,1.15,1.15,2602000
2014-12-26,1.15,1.16,1.14,1.16,3393000
2014-12-25,1.15,1.15,1.15,1.15,000
2014-12-24,1.15,1.17,1.15,1.15,6850000
2014-12-23,1.14,1.15,1.12,1.14,11002000
2014-12-22,1.13,1.15,1.12,1.14,19215000
2014-12-19,1.11,1.13,1.11,1.11,18483000
2014-12-18,1.09,1.12,1.09,1.10,33756000
2014-12-17,1.03,1.07,1.03,1.07,24891000
2014-12-16,1.02,1.05,1.02,1.02,12096000
2014-12-15,1.03,1.05,1.02,1.04,22863000
2014-12-12,1.07,1.09,1.06,1.06,11788000
2014-12-11,1.07,1.11,1.07,1.08,17325000
2014-12-10,1.08,1.13,1.08,1.12,23877000
2014-12-09,1.05,1.11,1.04,1.07,42601000
2014-12-08,1.17,1.17,1.12,1.13,17372000
2014-12-05,1.19,1.20,1.17,1.18,9976000
2014-12-04,1.18,1.21,1.16,1.19,18017000
2014-12-03,1.17,1.19,1.14,1.18,20972000
2014-12-02,1.17,1.20,1.15,1.17,45024000
2014-12-01,1.27,1.27,1.10,1.12,83635000
2014-11-28,1.34,1.36,1.31,1.33,36585000
2014-11-27,1.46,1.46,1.40,1.40,16690000
2014-11-26,1.46,1.48,1.45,1.47,6964000
2014-11-25,1.47,1.47,1.44,1.47,6288000
2014-11-24,1.46,1.48,1.46,1.48,17396000
2014-11-21,1.39,1.43,1.39,1.42,18964000
2014-11-20,1.38,1.39,1.38,1.38,3837000
2014-11-19,1.38,1.41,1.36,1.39,17132000
2014-11-18,1.38,1.40,1.37,1.38,9217000
2014-11-17,1.46,1.46,1.33,1.40,34576000
2014-11-14,1.48,1.48,1.45,1.46,14549000
2014-11-13,1.48,1.50,1.47,1.50,7188000
2014-11-12,1.50,1.50,1.49,1.49,7056000
2014-11-11,1.48,1.50,1.46,1.49,22763000
2014-11-10,1.47,1.47,1.47,1.47,000
2014-11-07,1.47,1.47,1.47,1.47,000
2014-11-06,1.47,1.47,1.47,1.47,000
2014-11-05,1.49,1.49,1.47,1.47,2843000
2014-11-04,1.51,1.51,1.48,1.49,9912000
2014-11-03,1.51,1.53,1.51,1.51,4945000
2014-10-31,1.50,1.53,1.49,1.51,7941000
2014-10-30,1.50,1.52,1.49,1.50,7205000
2014-10-29,1.52,1.53,1.48,1.50,12037000
2014-10-28,1.50,1.52,1.46,1.51,15318000
2014-10-27,1.55,1.55,1.50,1.50,9387000
2014-10-24,1.57,1.58,1.53,1.55,14749000
2014-10-23,1.49,1.59,1.49,1.57,24488000
2014-10-22,1.47,1.47,1.47,1.47,000
2014-10-21,1.50,1.50,1.46,1.47,16028000
2014-10-20,1.50,1.51,1.49,1.49,22241000
2014-10-17,1.45,1.48,1.43,1.47,21113000
2014-10-16,1.52,1.52,1.42,1.42,30075000
2014-10-15,1.59,1.59,1.54,1.55,15773000
2014-10-14,1.59,1.62,1.59,1.59,8670000
2014-10-13,1.56,1.61,1.55,1.61,17124000
2014-10-10,1.64,1.64,1.57,1.58,18313000
2014-10-09,1.70,1.71,1.66,1.66,12647000
2014-10-08,1.75,1.75,1.69,1.70,15025200
2014-10-07,1.77,1.80,1.76,1.76,5485000
2014-10-06,1.77,1.77,1.77,1.77,000
2014-10-03,1.75,1.77,1.75,1.77,4224000
2014-10-02,1.77,1.78,1.75,1.75,6973000
2014-10-01,1.80,1.81,1.78,1.78,4313000
2014-09-30,1.81,1.82,1.78,1.81,10013000
2014-09-29,1.83,1.83,1.80,1.82,4358000
2014-09-26,1.83,1.84,1.81,1.82,6380000
2014-09-25,1.85,1.85,1.83,1.84,1308000
2014-09-24,1.86,1.86,1.83,1.84,4730000
2014-09-23,1.86,1.87,1.84,1.86,3675000
2014-09-22,1.91,1.91,1.87,1.88,2880000
2014-09-19,1.84,1.91,1.84,1.91,22873000
2014-09-18,1.85,1.85,1.84,1.84,2918000
2014-09-17,1.84,1.85,1.84,1.84,2755000
2014-09-16,1.84,1.85,1.83,1.83,10620000
2014-09-15,1.84,1.84,1.82,1.83,2915000
2014-09-12,1.84,1.85,1.83,1.84,6493000
2014-09-11,1.85,1.87,1.83,1.85,3302000
2014-09-10,1.86,1.87,1.85,1.85,1820000
2014-09-09,1.88,1.88,1.86,1.86,3017000
2014-09-08,1.87,1.89,1.85,1.87,9046000
2014-09-05,2.20,2.22,2.19,2.20,8412000
2014-09-04,2.22,2.23,2.19,2.21,5536800
2014-09-03,2.20,2.22,2.20,2.22,3612000
2014-09-02,2.23,2.23,2.20,2.20,2403600
2014-09-01,2.21,2.25,2.20,2.22,6458400
2014-08-29,2.19,2.21,2.18,2.20,3904800
2014-08-28,2.19,2.21,2.17,2.20,4618800
2014-08-27,2.22,2.22,2.19,2.20,1376400
2014-08-26,2.24,2.24,2.20,2.21,4136400
2014-08-25,2.24,2.24,2.21,2.24,3657600
2014-08-22,2.22,2.25,2.21,2.23,11517600
2014-08-21,2.15,2.24,2.14,2.24,23482800
2014-08-20,2.14,2.16,2.12,2.13,5896800
2014-08-19,2.11,2.14,2.10,2.13,6974400
2014-08-18,2.07,2.12,2.06,2.09,6352800
2014-08-15,2.09,2.09,2.06,2.07,7676400
2014-08-14,2.09,2.10,2.06,2.09,6997200
2014-08-13,2.09,2.10,2.08,2.09,2838000
2014-08-12,2.08,2.10,2.08,2.09,6282000
2014-08-11,2.10,2.10,2.07,2.08,2978400
2014-08-08,2.10,2.10,2.06,2.07,6232800
2014-08-07,2.12,2.13,2.09,2.11,8714400
2014-08-06,2.15,2.15,2.11,2.13,6421200
2014-08-05,2.16,2.16,2.13,2.15,4484400
2014-08-04,2.17,2.18,2.12,2.15,14078400
2014-08-01,2.14,2.17,2.13,2.17,9733200
2014-07-31,2.12,2.17,2.12,2.15,17368800
2014-07-30,2.11,2.12,2.08,2.11,5362800
2014-07-29,2.12,2.13,2.11,2.11,2790000
2014-07-28,2.12,2.12,2.12,2.12,000
2014-07-25,2.09,2.13,2.08,2.12,10973800
2014-07-24,2.09,2.10,2.08,2.08,3541200
2014-07-23,2.10,2.10,2.07,2.08,6128400
2014-07-22,2.09,2.10,2.07,2.08,11745600
2014-07-21,2.12,2.12,2.08,2.09,5341200
2014-07-18,2.10,2.12,2.09,2.10,14706000
2014-07-17,2.07,2.12,2.06,2.09,17793600
2014-07-16,2.02,2.05,2.01,2.05,13916400
2014-07-15,2.02,2.03,2.00,2.01,19522800
2014-07-14,2.02,2.03,1.99,1.99,12212400
2014-07-11,1.99,2.02,1.96,2.01,15684000
2014-07-10,1.99,1.99,1.90,1.97,29102400
2014-07-09,2.00,2.03,1.99,2.00,27334800
2014-07-08,2.08,2.09,2.07,2.07,6373200
2014-07-07,2.12,2.12,2.08,2.10,3283200
2014-07-04,2.11,2.13,2.11,2.11,9504000
2014-07-03,2.08,2.12,2.08,2.10,11078400
2014-07-02,2.05,2.09,2.05,2.07,7058400
2014-07-01,2.08,2.08,2.05,2.05,5332800
2014-06-30,2.09,2.09,2.06,2.08,6727200
2014-06-27,2.10,2.11,2.08,2.08,4923600
2014-06-26,2.09,2.11,2.09,2.10,3795600
2014-06-25,2.09,2.12,2.08,2.10,4606800
2014-06-24,2.08,2.10,2.07,2.09,1291200
2014-06-23,2.09,2.11,2.07,2.08,6913200
2014-06-20,2.13,2.14,2.07,2.08,17577600
2014-06-19,2.15,2.16,2.13,2.13,5462400
2014-06-18,2.16,2.16,2.15,2.16,1879200
2014-06-17,2.16,2.17,2.15,2.16,2353200
2014-06-16,2.16,2.17,2.15,2.16,2448000
2014-06-13,2.15,2.18,2.15,2.17,3950400
2014-06-12,2.15,2.16,2.13,2.15,6670800
2014-06-11,2.18,2.18,2.13,2.16,6676800
2014-06-10,2.18,2.19,2.17,2.17,1822800
2014-06-09,2.17,2.19,2.16,2.18,2936400
2014-06-06,2.18,2.19,2.17,2.17,3573600
2014-06-05,2.18,2.19,2.17,2.18,2940000
2014-06-04,2.18,2.19,2.17,2.17,2143200
2014-06-03,2.18,2.20,2.17,2.18,5967600
2014-06-02,2.20,2.20,2.16,2.17,8264400
2014-05-30,2.19,2.20,2.17,2.20,5442000
2014-05-29,2.21,2.21,2.19,2.19,1826400
2014-05-28,2.19,2.21,2.18,2.19,5529600
2014-05-27,2.19,2.20,2.18,2.18,3189600
2014-05-26,2.19,2.21,2.18,2.19,4270800
2014-05-23,2.18,2.22,2.18,2.19,11886000
2014-05-22,2.18,2.20,2.17,2.17,5142000
2014-05-21,2.17,2.19,2.16,2.17,4773600
2014-05-20,2.18,2.19,2.16,2.18,4843200
2014-05-19,2.21,2.23,2.16,2.17,10308000
2014-05-16,2.22,2.23,2.20,2.20,3916800
2014-05-15,2.21,2.24,2.21,2.22,2917200
2014-05-14,2.23,2.25,2.21,2.22,5200800
2014-05-13,2.23,2.23,2.23,2.23,000
2014-05-12,2.22,2.24,2.21,2.23,3061200
2014-05-09,2.23,2.23,2.19,2.22,7118400
2014-05-08,2.25,2.28,2.22,2.23,8823600
2014-05-07,2.27,2.27,2.22,2.25,4592400
2014-05-06,2.25,2.28,2.25,2.26,2484000
2014-05-05,2.26,2.27,2.24,2.25,2906400
2014-05-02,2.28,2.28,2.22,2.26,6907200
2014-05-01,2.27,2.27,2.27,2.27,000
2014-04-30,2.29,2.30,2.27,2.27,7861200
2014-04-29,2.26,2.28,2.24,2.26,6871200
2014-04-28,2.27,2.28,2.25,2.26,5102400
2014-04-25,2.24,2.32,2.23,2.28,18571200
2014-04-24,2.25,2.27,2.24,2.25,5257200
2014-04-23,2.27,2.27,2.24,2.25,4166400
2014-04-22,2.26,2.28,2.23,2.26,5592000
2014-04-21,2.28,2.30,2.26,2.26,7416000
2014-04-18,2.27,2.27,2.27,2.27,000
2014-04-17,2.24,2.29,2.23,2.27,37531200
2014-04-16,2.13,2.18,2.11,2.18,15992400
2014-04-15,2.11,2.16,2.10,2.13,15484800
2014-04-14,2.08,2.12,2.08,2.09,8072400
2014-04-11,2.07,2.12,2.06,2.09,6726000
2014-04-10,2.10,2.12,2.07,2.09,12636000
2014-04-09,2.13,2.14,2.10,2.10,8635200
2014-04-08,2.10,2.13,2.09,2.11,11175600
2014-04-07,2.15,2.16,2.09,2.11,10654800
2014-04-04,2.17,2.18,2.13,2.14,5535600
2014-04-03,2.17,2.19,2.16,2.17,3687600
2014-04-02,2.14,2.19,2.13,2.17,6567600
2014-04-01,2.16,2.17,2.12,2.13,6308400
2014-03-31,2.20,2.20,2.15,2.16,4624800
2014-03-28,2.17,2.20,2.17,2.18,7450800
2014-03-27,2.16,2.21,2.16,2.18,12340800
2014-03-26,2.14,2.16,2.13,2.15,6223200
2014-03-25,2.16,2.17,2.11,2.12,10122000
2014-03-24,2.19,2.19,2.16,2.17,6571200
2014-03-21,2.11,2.18,2.10,2.17,14168400
2014-03-20,2.11,2.12,2.06,2.08,8751600
2014-03-19,2.05,2.13,2.05,2.13,17272800
2014-03-18,2.09,2.09,2.03,2.04,17966400
2014-03-17,2.13,2.14,2.07,2.10,17629200
2014-03-14,2.15,2.16,2.13,2.14,5107200
2014-03-13,2.15,2.19,2.14,2.16,8508000
2014-03-12,2.12,2.15,2.11,2.14,7066800
2014-03-11,2.12,2.17,2.11,2.13,11706000
2014-03-10,2.20,2.20,2.10,2.13,18826800
2014-03-07,2.22,2.23,2.19,2.20,4530000
2014-03-06,2.20,2.23,2.19,2.21,4598400
2014-03-05,2.24,2.25,2.20,2.21,5985600
2014-03-04,2.18,2.23,2.18,2.22,7588800
2014-03-03,2.24,2.24,2.16,2.17,15481200
2014-02-28,2.27,2.27,2.23,2.25,3978000
2014-02-27,2.24,2.27,2.24,2.26,4693200
2014-02-26,2.27,2.27,2.23,2.24,3267600
2014-02-25,2.27,2.29,2.25,2.26,3993600
2014-02-24,2.31,2.31,2.21,2.26,15814800
2014-02-21,2.32,2.34,2.29,2.30,5406000
2014-02-20,2.33,2.35,2.28,2.30,6535200
2014-02-19,2.34,2.34,2.28,2.31,4729200
2014-02-18,2.34,2.35,2.31,2.33,2877600
2014-02-17,2.29,2.33,2.28,2.33,6886800
2014-02-14,2.21,2.28,2.20,2.28,8731200
2014-02-13,2.26,2.27,2.17,2.18,14628000
2014-02-12,2.33,2.33,2.27,2.27,3267600
2014-02-11,2.28,2.34,2.28,2.30,3859200
2014-02-10,2.29,2.32,2.26,2.29,4140000
2014-02-07,2.24,2.31,2.24,2.28,11344800
2014-02-06,2.23,2.27,2.21,2.22,7646400
2014-02-05,2.17,2.24,2.17,2.22,8686800
2014-02-04,2.16,2.17,2.11,2.15,10600800
2014-02-03,2.25,2.25,2.19,2.19,6004800
2014-01-31,2.25,2.25,2.25,2.25,000
2014-01-30,2.28,2.28,2.22,2.25,5046000
2014-01-29,2.29,2.30,2.26,2.28,3750000
2014-01-28,2.28,2.30,2.24,2.26,11913600
2014-01-27,2.34,2.34,2.27,2.29,11448000
2014-01-24,2.39,2.40,2.35,2.38,7326000
2014-01-23,2.42,2.45,2.38,2.41,7419600
2014-01-22,2.43,2.44,2.41,2.43,3978000
2014-01-21,2.39,2.45,2.39,2.43,4290000
2014-01-20,2.41,2.42,2.38,2.40,3746400
2014-01-17,2.40,2.44,2.38,2.40,3970800
2014-01-16,2.38,2.42,2.38,2.39,6736800
2014-01-15,2.36,2.38,2.34,2.36,3302400
2014-01-14,2.35,2.37,2.33,2.34,2860800
2014-01-13,2.34,2.38,2.32,2.36,2876400
2014-01-10,2.35,2.35,2.31,2.34,4640400
2014-01-09,2.37,2.37,2.32,2.34,5805600
2014-01-08,2.36,2.39,2.34,2.37,5916000
2014-01-07,2.29,2.35,2.28,2.33,9499200
2014-01-06,2.28,2.30,2.27,2.28,3204000
2014-01-03,2.29,2.30,2.27,2.28,5030400
2014-01-02,2.24,2.28,2.24,2.26,8432400
2014-01-01,2.22,2.22,2.22,2.22,000
